4936741
4936771
4936774
4936820
4936825
4936834
4936842
4936843
4936853
4936854
4936866
4936870
4936872
4936883
4936891
4936905
4936913
4936917
4936926
4936948
4936949
4936964
4936972
4936996
4937007
4937024
4937056
5023621
5023632
5023652
5023674
5023682
5023699
5023707
5023711
5023715
5023723
5023730
5023731
5023734
5023740
5023743
5023748
5023751
5023753
5023757
5023771
5023779
5023780
5023781
5023791
5023792
5023793
5023794
5023795
5023796
5023798
5023800
5023802
5023803
5023807
5023808
5023812
5023814
5023817
5023822
5023823
5023825
5023829
5023830
5023834
5023839
5023840
5023841
5023843
5023845
5023849
5023850
5023852
5023853
5023855
5023861
5023863
5023866
5023867
5023869
5023872
5023874
5023875
5023881
5023884
5023885
5023886
5023890
5023893
5023894
5023898
5023899
5023900
5023904
5023910
5023911
5023913
5023916
5023917
5023922
5023928
5023930
5023931
5023933
5023935
5023936
5023940
5023943
5023944
5023945
5023946
5023947
5023948
5023949
5023950
5023951
5023953
5023955
5023956
5023957
5023958
5023959
5023962
5023963
5023964
5023966
5023967
5023969
5023970
5023971
5023974
5023979
5023980
5023985
5023988
5023992
5023993
5023994
5023997
5023999
5024000
5024001
5024002
5024003
5024005
5024006
5024007
5024008
5024013
5024014
5024016
5024017
5024020
5024023
5024026
5024028
5024030
5024032
5024033
5024034
5024035
5024038
5024039
5024040
5024041
5024042
5024043
5024044
5024045
5024046
5024048
5024051
5024054
5024055
5024057
5024059
5024060
5024061
5024063
5024064
5024065
5024066
5024068
5024070
5024072
5024074
5024075
5024076
5024077
5024079
5024082
5024083
5024084
5024087
5024089
5024091
5024092
5024094
5024096
5024097
5024099
5024100
5024101
5024104
5024106
5024107
5024111
5024112
5024113
5024114
5024115
5024116
5024118
5024120
5024121
5024122
5024123
5024124
5024126
5024128
5024129
5024132
5024133
5024135
5024137
5024138
5024143
5024144
5024149
5024150
5024151
5024153
5024155
5024156
5024157
5024158
5024159
5024160
5024164
5024165
5024166
5024167
5024171
5024173
5024174
5024175
5024176
5024177
5024180
5024181
5024182
5024183
5024184
5024185
5024186
5024189
5024190
5024191
5024192
5024193
5024195
5024196
5024198
5024199
5024201
5024202
5024205
5024210
5024211
5024212
5024213
5024214
5024215
5024216
5024217
5024218
5024219
5024220
5024221
5024223
5024224
5024225
5024227
5024229
5024230
5024231
5024233
5024234
5024235
5024236
5024237
5024238
5024239
5024240
5024241
5024242
5024243
5024244
5024247
5024248
5024249
5024250
5024251
5024252
5024253
5024254
5024255
5024256
5024257
5024259
5024263
5024265
5024266
5024268
5024271
5024272
5024273
5024274
5024275
5024276
5024279
5024280
5024281
5024284
5024285
5024287
5024288
5024289
5024290
5024291
5024293
5024294
5024295
5024297
5024298
5024299
5024300
5024301
5024302
5024304
5024305
5024306
5024307
5024309
5024310
5024311
5024312
5024313
5024314
5024317
5024318
5024322
5024324
5024325
5024326
5024327
5024328
5024329
5024330
5024333
5024334
5024335
5024337
5024338
5024340
5024342
5024344
5024346
5024348
5024350
5024354
5024355
5024356
5024357
5024361
5024363
5024364
5024365
5024366
5024367
5024368
5024369
5024370
5024372
5024373
5024374
5024376
5024377
5024379
5024380
5024382
5024387
5024388
5024391
5024393
5024394
5024395
5024397
5024398
5024401
5024402
5024403
5024404
5024405
5024406
5024407
5024408
5024409
5024410
5024411
5024412
5024414
5024415
5024416
5024417
5024418
5024419
5024420
5024421
5024423
5024426
5024429
5024430
5024431
5024432
5024433
5024434
5024435
5024437
5024439
5024440
5024441
5024443
5024444
5024447
5024448
5024450
5024452
5024453
5024454
5024455
5024456
5024457
5024459
5024460
5024461
5024462
5024463
5024464
5024466
5024467
5024468
5024469
5024470
5024471
5024472
5024474
5024475
5024476
5024477
5024479
5024480
5024482
5024483
5024484
5024486
5024489
5024490
5024491
5024492
5024493
5024494
5024495
5024496
5024497
5024498
5024500
5024502
5024503
5024504
5024506
5024507
5024508
5024510
5024512
5024515
5024516
5024517
5024519
5024520
5024522
5024523
5024524
5024525
5024527
5024528
5024530
5024531
5024532
5024533
5024534
5024538
5024541
5024543
5024544
5024545
5024546
5024547
5024548
5024549
5024550
5024551
5024553
5024554
5024555
5024556
5024557
5024560
5024562
5024563
5024564
5024566
5024567
5024571
5024572
5024573
5024574
5024575
5024577
5024578
5024579
5024582
5024583
5024584
5024586
5024587
5024588
5024589
5024595
5024598
5024600
5024601
5024602
5024603
5024605
5024606
5024607
5024608
5024609
5024615
5024617
5024619
5024620
5024624
5024625
5024629
5024632
5024633
5024636
5024637
5024638
5024640
5024641
5024642
5024644
5024645
5024646
5024647
5024650
5024652
5024653
5024654
5024655
5024657
5024659
5024663
5024664
5024666
5024667
5024668
5024669
5024670
5024671
5024672
5024673
5024676
5024677
5024681
5024682
5024683
5024684
5024685
5024687
5024695
5024696
5024697
5024699
5024700
5024703
5024705
5024706
5024708
5024709
5024710
5024711
5024714
5024716
5024717
5024719
5024722
5024726
5024727
5024728
5024731
5024732
5024734
5024737
5024740
5024741
5024744
5024746
5024747
5024750
5024752
5024753
5024755
5024756
5024761
5024762
5024763
5024764
5024768
5024772
5024773
5024775
5024776
5024778
5024779
5024780
5024782
5024784
5024785
5024787
5024788
5024789
5024790
5024791
5024794
5024800
5024801
5024802
5024804
5024805
5024806
5024808
5024810
5024811
5024812
5024813
5024815
5024819
5024821
5024824
5024825
5024830
5024832
5024835
5024837
5024838
5024839
5024841
5024845
5024848
5024849
5024851
5024852
5024853
5024854
5024855
5024856
5024862
5024863
5024865
5024866
5024869
5024872
5024873
5024875
5024876
5024877
5024879
5024881
5024887
5024888
5024889
5024890
5024891
5024892
5024894
5024895
5024897
5024898
5024899
5024900
5024902
5024903
5024907
5024908
5024918
5024919
5024920
5024922
5024923
5024929
5024930
5024931
5024935
5024936
5024943
5024944
5024946
5024947
5024948
5024955
5024956
5024960
5024961
5024965
5024967
5024969
5024970
5024976
5024980
5024984
5024985
5024986
5024988
5024989
5024991
5024996
5025001
5025003
5025006
5025012
5025016
5025021
5025027
5025028
5025032
5025035
5025037
5025039
5025040
5025044
5025045
5025047
5025048
5025050
5025052
5025053
5025058
5025059
5025063
5025064
5025067
5025071
5025081
5025085
5025089
5025093
5025095
5025101
5025105
5025110
5025116
5025121
5025122
5025132
5025142
5025143
5025144
5025146
5025147
5025149
5025150
5025153
5025154
5025155
5025156
5025159
5025160
5025161
5025162
5025163
5025165
5025168
5025175
5025178
5025182
5025184
5025185
5025187
5025189
5025190
5025191
5025198
5025200
5025201
5025205
5025206
5025210
5025221
5025223
5025227
5025228
5025230
5025231
5025235
5025236
5025241
5025244
5025246
5025252
5025258
5025261
5025263
5025270
5025271
5025283
5025285
5025288
5025294
5025295
5025296
5025299
5025304
5025311
5025329
5025335
5025336
5025342
5025343
5025345
5025346
5025350
5025352
5025357
5025359
5025363
5025364
5025378
5025379
5025398
5025399
5025406
5025407
5025415
5025417
5025418
5025424
5025427
5025429
5025434
5025436
5025437
5025438
5025440
5025444
5025452
5025456
5025464
5025471
5025475
5025481
5025484
5025509
5025526
5025530
5025543
5025551
5025555
5025556
5025559
5025576
5025601
5025624
5111608
5111622
5111639
5111643
5111655
5111658
5111659
5111665
5111675
5111676
5111677
5111678
5111680
5111700
5111703
5111705
5111707
5111708
5111711
5111712
5111713
5111718
5111724
5111728
5111730
5111734
5111737
5111739
5111740
5111742
5111745
5111746
5111748
5111750
5111752
5111757
5111758
5111760
5111764
5111766
5111767
5111769
5111772
5111774
5111775
5111776
5111778
5111781
5111784
5111785
5111787
5111788
5111790
5111793
5111794
5111796
5111797
5111800
5111807
5111808
5111810
5111812
5111815
5111816
5111818
5111820
5111821
5111823
5111824
5111827
5111834
5111835
5111836
5111842
5111844
5111845
5111847
5111848
5111849
5111850
5111851
5111857
5111862
5111863
5111864
5111865
5111867
5111870
5111871
5111872
5111874
5111876
5111878
5111880
5111881
5111882
5111883
5111884
5111886
5111887
5111889
5111890
5111891
5111893
5111894
5111896
5111898
5111899
5111900
5111901
5111904
5111905
5111907
5111908
5111910
5111911
5111912
5111918
5111920
5111922
5111923
5111925
5111926
5111927
5111928
5111930
5111932
5111934
5111937
5111938
5111939
5111940
5111942
5111943
5111944
5111945
5111946
5111948
5111949
5111950
5111951
5111952
5111955
5111961
5111962
5111963
5111964
5111965
5111966
5111967
5111968
5111969
5111971
5111972
5111973
5111974
5111978
5111979
5111981
5111982
5111987
5111994
5111996
5111997
5111998
5111999
5112002
5112003
5112004
5112011
5112012
5112013
5112014
5112015
5112016
5112019
5112022
5112024
5112026
5112027
5112028
5112029
5112031
5112032
5112033
5112034
5112035
5112037
5112038
5112039
5112041
5112042
5112043
5112045
5112046
5112047
5112049
5112051
5112053
5112055
5112056
5112057
5112058
5112059
5112061
5112063
5112064
5112065
5112067
5112068
5112069
5112070
5112072
5112073
5112074
5112076
5112077
5112078
5112081
5112082
5112085
5112086
5112087
5112089
5112090
5112091
5112096
5112098
5112100
5112103
5112104
5112109
5112110
5112111
5112112
5112113
5112114
5112115
5112117
5112118
5112120
5112122
5112123
5112125
5112126
5112127
5112128
5112129
5112130
5112131
5112133
5112135
5112137
5112139
5112140
5112141
5112142
5112143
5112144
5112146
5112147
5112148
5112150
5112151
5112153
5112154
5112155
5112156
5112157
5112158
5112159
5112160
5112161
5112164
5112165
5112166
5112167
5112168
5112169
5112171
5112172
5112175
5112177
5112178
5112180
5112181
5112182
5112183
5112184
5112185
5112188
5112191
5112193
5112195
5112197
5112198
5112199
5112200
5112203
5112204
5112205
5112206
5112209
5112211
5112212
5112215
5112216
5112219
5112221
5112223
5112224
5112225
5112226
5112227
5112228
5112229
5112230
5112232
5112234
5112236
5112237
5112238
5112239
5112244
5112248
5112250
5112252
5112254
5112255
5112256
5112258
5112260
5112261
5112263
5112266
5112268
5112271
5112272
5112273
5112274
5112275
5112276
5112277
5112280
5112281
5112282
5112283
5112285
5112286
5112288
5112289
5112292
5112294
5112295
5112298
5112300
5112301
5112302
5112305
5112306
5112307
5112308
5112310
5112312
5112313
5112314
5112315
5112316
5112317
5112319
5112321
5112323
5112324
5112325
5112326
5112327
5112328
5112330
5112332
5112334
5112336
5112337
5112338
5112340
5112341
5112342
5112343
5112346
5112348
5112349
5112350
5112352
5112356
5112359
5112360
5112361
5112362
5112365
5112366
5112367
5112368
5112369
5112370
5112371
5112372
5112373
5112378
5112379
5112380
5112382
5112384
5112386
5112387
5112388
5112389
5112391
5112392
5112393
5112395
5112397
5112398
5112399
5112400
5112401
5112402
5112403
5112404
5112407
5112408
5112409
5112410
5112412
5112413
5112415
5112416
5112417
5112418
5112420
5112421
5112426
5112427
5112428
5112429
5112431
5112432
5112433
5112435
5112436
5112437
5112438
5112439
5112441
5112446
5112447
5112449
5112451
5112453
5112454
5112457
5112458
5112460
5112461
5112462
5112465
5112466
5112467
5112468
5112470
5112471
5112473
5112474
5112475
5112477
5112480
5112481
5112483
5112484
5112486
5112487
5112488
5112489
5112490
5112491
5112492
5112494
5112495
5112497
5112499
5112500
5112501
5112502
5112503
5112504
5112506
5112507
5112510
5112511
5112512
5112514
5112515
5112517
5112520
5112521
5112522
5112523
5112524
5112525
5112526
5112527
5112529
5112531
5112532
5112533
5112534
5112535
5112536
5112540
5112541
5112542
5112544
5112546
5112547
5112548
5112549
5112551
5112555
5112556
5112558
5112563
5112564
5112565
5112566
5112567
5112568
5112570
5112571
5112572
5112573
5112574
5112575
5112577
5112579
5112580
5112581
5112582
5112584
5112585
5112586
5112587
5112588
5112590
5112591
5112592
5112595
5112596
5112597
5112599
5112600
5112602
5112604
5112605
5112606
5112608
5112610
5112611
5112612
5112614
5112616
5112619
5112620
5112622
5112623
5112628
5112629
5112630
5112631
5112633
5112634
5112635
5112636
5112640
5112641
5112643
5112644
5112646
5112648
5112649
5112650
5112651
5112652
5112654
5112655
5112657
5112659
5112662
5112664
5112665
5112666
5112667
5112668
5112669
5112670
5112671
5112672
5112675
5112677
5112680
5112681
5112683
5112684
5112685
5112687
5112689
5112690
5112692
5112693
5112694
5112695
5112696
5112697
5112698
5112699
5112700
5112704
5112705
5112706
5112708
5112709
5112710
5112711
5112712
5112713
5112714
5112716
5112717
5112720
5112721
5112722
5112723
5112724
5112725
5112726
5112727
5112729
5112730
5112731
5112733
5112734
5112737
5112738
5112739
5112740
5112741
5112742
5112744
5112746
5112747
5112748
5112749
5112750
5112751
5112753
5112754
5112755
5112756
5112757
5112758
5112759
5112763
5112764
5112766
5112770
5112771
5112774
5112775
5112776
5112777
5112778
5112780
5112784
5112786
5112788
5112790
5112791
5112794
5112795
5112798
5112799
5112800
5112801
5112802
5112803
5112806
5112807
5112810
5112811
5112812
5112814
5112815
5112816
5112818
5112820
5112821
5112822
5112825
5112827
5112828
5112829
5112833
5112835
5112836
5112839
5112840
5112842
5112843
5112845
5112846
5112847
5112848
5112849
5112850
5112852
5112854
5112855
5112856
5112857
5112858
5112859
5112860
5112861
5112862
5112863
5112864
5112865
5112866
5112867
5112870
5112871
5112873
5112874
5112877
5112878
5112880
5112884
5112887
5112888
5112889
5112891
5112894
5112895
5112896
5112897
5112898
5112899
5112900
5112901
5112902
5112906
5112907
5112908
5112909
5112910
5112911
5112914
5112915
5112917
5112921
5112922
5112924
5112925
5112931
5112932
5112934
5112937
5112938
5112939
5112942
5112944
5112945
5112947
5112948
5112950
5112955
5112956
5112958
5112959
5112960
5112964
5112967
5112969
5112970
5112971
5112974
5112976
5112977
5112978
5112979
5112980
5112981
5112987
5112988
5112991
5112992
5112994
5112995
5112996
5112997
5112999
5113000
5113001
5113003
5113004
5113006
5113007
5113008
5113010
5113011
5113014
5113016
5113017
5113019
5113020
5113021
5113022
5113023
5113026
5113027
5113029
5113030
5113031
5113034
5113035
5113036
5113040
5113041
5113042
5113044
5113045
5113046
5113047
5113050
5113052
5113053
5113054
5113058
5113059
5113060
5113061
5113062
5113063
5113064
5113065
5113066
5113067
5113068
5113070
5113071
5113072
5113074
5113076
5113077
5113079
5113082
5113084
5113085
5113086
5113088
5113089
5113090
5113091
5113092
5113093
5113094
5113097
5113099
5113101
5113102
5113103
5113104
5113105
5113106
5113107
5113108
5113109
5113110
5113113
5113115
5113116
5113117
5113120
5113123
5113124
5113126
5113127
5113128
5113129
5113130
5113131
5113133
5113134
5113135
5113138
5113139
5113140
5113141
5113142
5113143
5113144
5113145
5113146
5113147
5113148
5113150
5113151
5113153
5113154
5113155
5113156
5113158
5113159
5113162
5113163
5113164
5113165
5113166
5113170
5113172
5113179
5113180
5113181
5113182
5113183
5113190
5113191
5113194
5113195
5113196
5113198
5113202
5113203
5113206
5113209
5113210
5113212
5113213
5113215
5113217
5113220
5113222
5113223
5113224
5113225
5113228
5113230
5113232
5113233
5113234
5113235
5113238
5113239
5113240
5113241
5113246
5113247
5113248
5113249
5113250
5113253
5113254
5113255
5113256
5113258
5113260
5113261
5113263
5113265
5113266
5113267
5113268
5113269
5113270
5113271
5113272
5113273
5113274
5113275
5113278
5113281
5113282
5113284
5113286
5113289
5113293
5113294
5113295
5113297
5113298
5113302
5113304
5113308
5113309
5113310
5113312
5113316
5113318
5113319
5113320
5113321
5113323
5113324
5113327
5113328
5113329
5113330
5113334
5113335
5113339
5113344
5113345
5113346
5113348
5113351
5113354
5113356
5113357
5113359
5113360
5113362
5113363
5113364
5113366
5113369
5113370
5113371
5113373
5113375
5113377
5113378
5113380
5113382
5113383
5113384
5113385
5113387
5113390
5113391
5113393
5113396
5113397
5113398
5113405
5113406
5113407
5113408
5113420
5113429
5113430
5113431
5113433
5113435
5113436
5113437
5113438
5113440
5113443
5113444
5113446
5113449
5113458
5113462
5113464
5113469
5113477
5113478
5113490
5113496
5113497
5113498
5113503
5113504
5113508
5113509
5113514
5113516
5113522
5113523
5113530
5113531
5113540
5113542
5113546
5113547
5113551
5113556
5113560
5113570
5113577
5113601
5199564
5199592
5199605
5199614
5199633
5199636
5199658
5199669
5199670
5199674
5199692
5199701
5199727
5199738
5199791
5199802
5199809
5199811
5199813
5199816
5199822
5199823
5199837
5199848
5199851
5199857
5199859
5199865
5199866
5199868
5199870
5199871
5199874
5199884
5199893
5199895
5199897
5199899
5199914
5199917
5199920
5199924
5199925
5199927
5199930
5199953
5199954
5199955
5199958
5199963
5199975
5199977
5199984
5199991
5199992
5199995
5200000
5200003
5200011
5200013
5200015
5200016
5200017
5200018
5200019
5200020
5200023
5200024
5200026
5200029
5200030
5200031
5200033
5200034
5200036
5200037
5200038
5200047
5200048
5200052
5200062
5200064
5200066
5200071
5200076
5200085
5200087
5200088
5200091
5200094
5200095
5200097
5200098
5200101
5200103
5200104
5200105
5200121
5200123
5200130
5200133
5200134
5200143
5200146
5200148
5200152
5200153
5200154
5200156
5200159
5200160
5200164
5200167
5200168
5200172
5200176
5200183
5200184
5200185
5200187
5200188
5200190
5200191
5200200
5200206
5200207
5200210
5200211
5200214
5200222
5200223
5200225
5200230
5200231
5200232
5200235
5200236
5200237
5200240
5200244
5200245
5200247
5200248
5200249
5200255
5200258
5200262
5200263
5200265
5200268
5200270
5200271
5200272
5200273
5200274
5200282
5200283
5200284
5200287
5200289
5200290
5200291
5200299
5200300
5200302
5200305
5200307
5200308
5200309
5200310
5200312
5200313
5200317
5200320
5200321
5200325
5200326
5200328
5200329
5200332
5200337
5200338
5200339
5200340
5200341
5200343
5200346
5200347
5200351
5200353
5200359
5200363
5200365
5200367
5200368
5200369
5200379
5200381
5200384
5200387
5200389
5200392
5200399
5200403
5200406
5200407
5200408
5200415
5200420
5200422
5200436
5200438
5200452
5200457
5200492
5200521
